﻿week,start_date,end_date,student_id,cars_accuracy,sciences_accuracy,class_accuracy,completed_mandatory_lessons,percentage_mandatory_complete,completed_lessons,total_completed_passages_discrete_sets,time,time_formatted,num_attended_small_session,num_scheduled_small_session,num_attended_large_session,num_scheduled_large_session,time_spent_noq,time_spent,total_time_spent
1,11/25/24,12/1/24,1,,,,3,0.02,3,0,0,0:00:00,,,,,0:00:00,0:07:27,0:07:27
2,12/2/24,12/8/24,1,,,,0,0.02,1,0,0,0:00:00,,,,,0:00:00,0:00:00,0:07:27
3,12/9/24,12/15/24,1,,,,0,0.02,1,0,0,0:00:00,,,,,0:00:00,0:00:00,0:07:27
4,12/16/24,12/22/24,1,,,,1,0.02,0,0,0,0:00:00,,,,,0:00:00,0:00:00,0:07:27
5,12/23/24,12/29/24,1,,,,3,0.05,4,0,0,0:00:00,,,,,1:16:47,0:00:00,0:07:27
6,12/30/24,1/5/25,1,,,,1,0.05,0,0,0,0:00:00,,,,,0:00:00,0:00:00,0:07:27
7,1/6/25,1/12/25,1,,,,0,0.04,1,0,0,0:00:00,,,,,0:00:00,0:00:00,0:07:27
8,1/13/25,1/19/25,1,,,,11,0.13,11,0,0,0:00:00,,,,,0:59:26,6:26:32,6:33:59
9,1/20/25,1/26/25,1,,0.87,,5,0.21,5,1,0.5,0:30:00,,,,,0:00:00,1:15:00,7:48:59
10,1/27/25,2/2/25,1,,1.00,,6,0.21,6,3,1.5,1:30:00,,,,,0:00:00,3:45:00,11:33:59
1,11/25/24,12/1/24,2,,,,0,0,1,0,0,0:00:00,,,,,0:00:00,0:00:00,0:00:00
2,12/2/24,12/8/24,2,,,,0,0,1,0,0,0:00:00,,,,,0:00:00,0:00:00,0:00:00
3,12/9/24,12/15/24,2,,,,0,0,1,0,0,0:00:00,,,,,0:00:00,0:00:00,0:00:00
4,12/16/24,12/22/24,2,,,,1,0,0,0,0,0:00:00,,,,,0:00:00,0:00:00,0:00:00
5,12/23/24,12/29/24,2,,,,0,0,1,0,0,0:00:00,,,,,0:00:00,0:00:00,0:00:00
6,12/30/24,1/5/25,2,,,,1,0,0,0,0,0:00:00,,,,,0:00:00,0:00:00,0:00:00
7,1/6/25,1/12/25,2,,,,0,0,1,0,0,0:00:00,,,,,0:00:00,0:00:00,0:00:00
8,1/13/25,1/19/25,2,,0.37,,20,0.15,24,14,7,7:00:00,1,4,1,3,2:03:25,22:18:01,22:18:01
9,1/20/25,1/26/25,2,,0.17,,8,0.29,8,1,0.5,0:30:00,,,,,0:00:00,2:26:52,24:44:53
10,1/27/25,2/2/25,2,,0.39,,12,0.29,13,2,1,1:00:00,,,,,0:00:00,2:30:00,27:14:53
1,11/25/24,12/1/24,3,,,,0,0.01,1,0,0,0:00:00,,,,,0:00:00,0:00:00,0:00:00
2,12/2/24,12/8/24,3,,,,0,0.01,1,0,0,0:00:00,,,,,0:00:00,0:00:00,0:00:00
3,12/9/24,12/15/24,3,,,,0,0.01,1,0,0,0:00:00,,,,,0:00:00,0:00:34,0:00:34
4,12/16/24,12/22/24,3,,,,1,0.01,0,0,0,0:00:00,,,,,0:00:17,1:32:26,1:33:00
5,12/23/24,12/29/24,3,,,,0,0.01,1,0,0,0:00:00,,,,,0:00:00,0:00:00,1:33:00
6,12/30/24,1/5/25,3,,,,1,0.01,0,0,0,0:00:00,,,,,0:00:00,0:00:00,1:33:00
7,1/6/25,1/12/25,3,,0.46,,0,0.01,1,1,0.5,0:30:00,,,,,4:45:45,0:30:00,2:03:00
8,1/13/25,1/19/25,3,,,,4,0.04,4,0,0,0:00:00,,,,,0:00:00,2:21:18,4:24:18
9,1/20/25,1/26/25,3,,,,2,0.10,3,0,0,0:00:00,,,,,0:00:00,0:00:00,4:24:18
10,1/27/25,2/2/25,3,,,,5,0.10,6,0,0,0:00:00,,,,,0:00:00,0:03:27,4:27:45
1,11/25/24,12/1/24,4,,,,0,0.02,1,0,0,0:00:00,,,,,0:00:00,0:00:00,0:00:00
2,12/2/24,12/8/24,4,,,,3,0.02,3,0,0,0:00:00,,,,,0:00:00,0:07:27,0:07:27
3,12/9/24,12/15/24,4,,,,3,0.02,1,3,1.5,1:30:00,,,,,0:00:00,1:30:00,1:37:27
4,12/16/24,12/22/24,4,,,,1,0.02,0,2,1,1:00:00,,,,,0:00:00,1:00:00,2:37:27
5,12/23/24,12/29/24,4,0.7,0.7,,0,0.02,1,2,1,1:00:00,,,,,0:00:00,1:00:00,3:37:27
6,12/30/24,1/5/25,4,,,,1,0.02,0,3,1.5,1:30:00,,,,,0:00:00,1:30:00,5:07:27
7,1/6/25,1/12/25,4,,0.47,,0,0.02,1,1,0.5,0:30:00,,,,,5:31:15,0:30:00,5:37:27
8,1/13/25,1/19/25,4,,,,9,0.1,10,1,0.5,0:30:00,,,,,0:00:00,12:58:39,18:36:06
9,1/20/25,1/26/25,4,,,,1,0.10,4,0,0,0:00:00,,,,,0:00:00,0:01:18,18:37:24
10,1/27/25,2/2/25,4,,,,0,0.10,1,0,0,0:00:00,,,,,0:00:00,0:01:18,18:38:42
1,11/25/24,12/1/24,5,1,0,,7,0.2,8,18,9,9:00:00,,,,,1:24:51,10:34:52,10:34:52
2,12/2/24,12/8/24,5,1,0.95,,12,0.2,12,18,9,9:00:00,,,,,1:02:30,15:33:44, 26:08:36
3,12/9/24,12/15/24,5,0.68,0.79,,12,0.2,7,22,11,11:00:00,,,,,4:00:28,19:14:04,45:22:40
4,12/16/24,12/22/24,5,0.86,0.82,,1,0.2,0,6,3,3:00:00,,,,,1:30:00,5:38:14,51:00:54
5,12/23/24,12/29/24,5,0.88,0.77,,12,0.34,12,31,15.5,15:30:00,,,,,6:07:38,29:09:17,80:10:11
6,12/30/24,1/5/25,5,0.83,0.79,,5,0.35,5,22,11,11:00:00,,,,,9:06:45,18:43:14,98:53:25
7,1/6/25,1/12/25,5,0.84,0.73,,6,0.4,6,22,11,11:00:00,,,,,2:15:00,23:21:58,122:15:23
8,1/13/25,1/19/25,5,0.79,0.84,,7,0.44,12,22,11,11:00:00,,,,,2:15:00,26:22:46,148:38:09
9,1/20/25,1/26/25,5,0.77,0.79,,9,0.54,9,30,15,15:00:00,,,,,0:00:00,17:15:00,165:53:09
10,1/27/25,2/2/25,5,,0.77,,5,0.54,5,8,4,4:00:00,,,,,0:00:00,5:30:00,171:23:09
1,11/25/24,12/1/24,6,,,,0,0.05,1,0,0,0:00:00,,,,,0:00:00,0:00:00,0:00:00
2,12/2/24,12/8/24,6,,0.4,,6,0.05,7,1,0.5,0:30:00,,,,,0:00:31,10:06:25,10:06:25
3,12/9/24,12/15/24,6,,0.34,,6,0.05,1,1,0.5,0:30:00,,,,,1:49:15,0:30:00,10:36:25
4,12/16/24,12/22/24,6,,,,1,0.05,0,0,0,0:00:00,,,,,0:00:00,0:00:00,10:36:25
5,12/23/24,12/29/24,6,,,,0,0.05,1,0,0,0:00:00,,,,,0:00:00,0:00:00,10:36:25
6,12/30/24,1/5/25,6,,,,1,0.05,0,1,0.5,0:30:00,,,,,0:00:00,0:30:34,11:06:59
7,1/6/25,1/12/25,6,,,,0,0.04,1,0,0,0:00:00,,,,,0:00:00,0:00:00,11:06:59
8,1/13/25,1/19/25,6,0.56,0.57,,6,0.09,6,28,14,14:00:00,,,,,6:57:57,29:23:17,40:30:16
9,1/20/25,1/26/25,6,0.53,0.53,,4,0.14,5,50,25,25:00:00,,,,,0:00:00,26:07:25,66:37:41
10,1/27/25,2/2/25,6,0.58,0.44,,3,0.14,3,51,25.5,25:30:00,,,,,0:00:00,30:58:55,97:36:36
1,11/25/24,12/1/24,7,,,,0,0,1,0,0,0:00:00,,,,,0:00:00,0:00:00,0:00:00
2,12/2/24,12/8/24,7,,,,0,0,1,0,0,0:00:00,,,,,0:00:00,0:00:00,0:00:00
3,12/9/24,12/15/24,7,,,,0,0,1,0,0,0:00:00,,,,,0:00:00,0:00:00,0:00:00
4,12/16/24,12/22/24,7,,,,1,0,0,0,0,0:00:00,,,,,0:00:00,0:00:00,0:00:00
5,12/23/24,12/29/24,7,,,,0,0,1,0,0,0:00:00,,,,,0:00:00,0:00:00,0:00:00
6,12/30/24,1/5/25,7,,,,1,0,0,0,0,0:00:00,,,,,0:00:00,0:00:00,0:00:00
7,1/6/25,1/12/25,7,,,,0,0,1,1,0.5,0:30:00,,,,,5:40:30,0:30:00,0:30:00
8,1/13/25,1/19/25,7,,,,5,0.04,6,0,0,0:00:00,,,,,1:36:48,5:59:33,6:29:33
9,1/20/25,1/26/25,7,,0.73,,20,0.23,21,2,1,1:00:00,,,,,0:00:00,2:00:04,8:29:37
10,1/27/25,2/2/25,7,,0.93,,6,0.23,6,2,1,1:00:00,,,,,0:00:00,4:15:12,12:44:49
1,11/25/24,12/1/24,8,,,,0,0,1,0,0,0:00:00,,,,,0:00:00,0:00:00,0:00:00
2,12/2/24,12/8/24,8,,,,0,0,1,0,0,0:00:00,,,,,0:00:00,0:00:00,0:00:00
3,12/9/24,12/15/24,8,,,,0,0,1,0,0,0:00:00,,,,,0:00:00,0:00:00,0:00:00
4,12/16/24,12/22/24,8,,,,1,0,0,0,0,0:00:00,,,,,0:00:00,0:00:00,0:00:00
5,12/23/24,12/29/24,8,,,,0,0,1,0,0,0:00:00,,,,,0:00:00,0:00:00,0:00:00
6,12/30/24,1/5/25,8,,0.37,,3,0.02,3,1,0.5,0:30:00,,,,,5:58:30,0:37:27,0:37:27
7,1/6/25,1/12/25,8,,,,0,0.02,1,0,0,0:00:00,,,,,0:00:00,0:00:00,0:37:27
8,1/13/25,1/19/25,8,,,,15,0.13,15,0,0,0:00:00,,,,,0:00:00,9:32:54,10:10:21
9,1/20/25,1/26/25,8,,1.00,,3,0.34,3,2,1,1:00:00,,,,,0:00:00,1:33:27,11:43:48
10,1/27/25,2/2/25,8,,0.99,,25,0.34,25,9,4.5,4:30:00,,,,,0:00:00,16:48:54,28:32:42
1,11/25/24,12/1/24,9,,,,0,0,1,0,0,0:00:00,,,,,0:00:00,0:00:00,0:00:00
2,12/2/24,12/8/24,9,,,,0,0,1,0,0,0:00:00,,,,,0:00:00,0:00:00,0:00:00
3,12/9/24,12/15/24,9,,,,0,0,1,0,0,0:00:00,,,,,0:00:00,0:00:00,0:00:00
4,12/16/24,12/22/24,9,,,,1,0,0,0,0,0:00:00,,,,,0:00:00,0:00:00,0:00:00
5,12/23/24,12/29/24,9,,,,0,0.06,1,0,0,0:00:00,,,,,0:00:00,0:00:00,0:00:00
6,12/30/24,1/5/25,9,,,,8,0.06,7,0,0,0:00:00,,,,,0:18:47,1:51:01,1:51:01
7,1/6/25,1/12/25,9,,,,0,0.05,1,0,0,0:00:00,,,,,0:00:00,0:00:34,1:51:35
8,1/13/25,1/19/25,9,,0.71,,13,0.15,21,2,1,1:00:00,,,,,6:26:26,20:04:53,21:56:28
9,1/20/25,1/26/25,9,,0.48,,6,0.28,6,2,1,1:00:00,,,,,0:00:00,3:43:03,25:39:31
10,1/27/25,2/2/25,9,,1.00,,12,0.28,12,4,2,2:00:00,,,,,0:00:00,6:14:15,31:53:46
1,11/25/24,12/1/24,10,,,,3,0.08,3,0,0,0:00:00,,,,,0:07:04,1:34:52,1:34:52
2,12/2/24,12/8/24,10,,,,7,0.08,8,0,0,0:00:00,,,,,0:48:35,4:28:38,6:03:30
3,12/9/24,12/15/24,10,,,,7,0.08,1,0,0,0:00:00,,,,,0:00:00,0:00:00,6:03:30
4,12/16/24,12/22/24,10,,,,1,0.08,0,0,0,0:00:00,,,,,0:00:00,0:00:00,6:03:30
5,12/23/24,12/29/24,10,,,,0,0.13,1,0,0,0:00:00,,,,,0:00:00,0:00:00,6:03:30
6,12/30/24,1/5/25,10,,0.78,,6,0.13,4,1,0.5,0:30:00,,,,,0:51:14,9:32:21,15:35:51
7,1/6/25,1/12/25,10,,,,0,0.1,1,0,0,0:00:00,,,,,0:00:00,0:00:00,15:35:51
8,1/13/25,1/19/25,10,,0.99,,17,0.23,17,7,3.5,3:30:00,,,,,13:07:00,23:20:29,38:56:20
9,1/20/25,1/26/25,10,,1.00,,11,0.37,11,2,1,1:00:00,,,,,0:00:00,2:30:00,41:26:20
10,1/27/25,2/2/25,10,,1.00,,2,0.37,2,1,0.5,0:30:00,,,,,0:00:00,2:57:30,44:23:50
1,11/25/24,12/1/24,11,,,,0,0,1,0,0,0:00:00,,,,,0:00:00,0:00:00,0:00:00
2,12/2/24,12/8/24,11,,,,0,0,1,0,0,0:00:00,,,,,0:00:00,0:00:00,0:00:00
3,12/9/24,12/15/24,11,,,,0,0,1,0,0,0:00:00,,,,,0:00:00,0:00:00,0:00:00
4,12/16/24,12/22/24,11,,,,1,0,0,0,0,0:00:00,,,,,0:00:00,0:00:00,0:00:00
5,12/23/24,12/29/24,11,,,,0,0,1,0,0,0:00:00,,,,,0:00:00,0:00:00,0:00:00
6,12/30/24,1/5/25,11,,,,1,0,0,0,0,0:00:00,,,,,0:00:00,0:00:00,0:00:00
7,1/6/25,1/12/25,11,,,,0,0,1,0,0,0:00:00,,,,,0:00:00,0:00:00,0:00:00
8,1/13/25,1/19/25,11,,,,0,0,1,0,0,0:00:00,,,,,0:00:00,0:00:00,0:00:00
9,1/20/25,1/26/25,11,,,,0,0,1,0,0,0:00:00,,,,,0:00:00,0:00:00,0:00:00
10,1/27/25,2/2/25,11,,,,0,0,1,0,0,0:00:00,,,,,0:00:00,0:00:00,0:00:00
1,11/25/24,12/1/24,12,,,,0,0,1,0,0,0:00:00,,,,,0:00:00,0:00:00,0:00:00
2,12/2/24,12/8/24,12,,,,0,0,1,0,0,0:00:00,,,,,0:00:00,0:00:00,0:00:00
3,12/9/24,12/15/24,12,,,,0,0,1,0,0,0:00:00,,,,,0:00:00,0:00:00,0:00:00
4,12/16/24,12/22/24,12,,,,1,0.01,0,0,0,0:00:00,,,,,0:00:00,0:00:00,0:00:00
5,12/23/24,12/29/24,12,,,,0,0,1,0,0,0:00:00,,,,,0:00:00,0:00:00,0:00:00
6,12/30/24,1/5/25,12,,,,1,0,0,0,0,0:00:00,,,,,0:00:00,0:00:00,0:00:00
7,1/6/25,1/12/25,12,,,,0,0,1,0,0,0:00:00,,,,,0:00:00,0:00:00,0:00:00
8,1/13/25,1/19/25,12,,,,0,0,1,0,0,0:00:00,,,,,0:00:00,0:00:00,0:00:00
9,1/20/25,1/26/25,12,,,,28,0.28,37,0,0,0:00:00,,,,,0:00:00,5:44:03,5:44:03
10,1/27/25,2/2/25,12,,,,10,0.28,29,0,0,0:00:00,,,,,0:00:00,10:54:12,16:38:15
1,11/25/24,12/1/24,13,,,,3,0.02,3,0,0,0:00:00,,,,,0:00:00,0:07:27,0:07:27
2,12/2/24,12/8/24,13,,0.71,,0,0.02,1,1,0.5,0:30:00,,,,,6:31:30,0:30:00,0:37:27
3,12/9/24,12/15/24,13,,,,0,0.02,1,0,0,0:00:00,,,,,0:00:00,0:00:00,0:37:27
4,12/16/24,12/22/24,13,,,,1,0,0,0,0,0:00:00,,,,,0:00:00,0:00:00,0:37:27
5,12/23/24,12/29/24,13,,,,0,0.02,1,0,0,0:00:00,,,,,0:00:00,0:00:00,0:37:27
6,12/30/24,1/5/25,13,,,,1,0.02,0,0,0,0:00:00,,,,,0:00:00,0:00:00,0:37:27
7,1/6/25,1/12/25,13,,,,10,0.1,12,0,0,0:00:00,,,,,0:00:00,8:26:13,9:03:40
8,1/13/25,1/19/25,13,,1,,18,0.23,32,2,1,1:00:00,,,,,0:45:00,31:14:18,40:17:58
9,1/20/25,1/26/25,13,,0.94,,15,0.47,18,8,4,4:00:00,,,,,0:00:00,8:59:03,49:17:01
10,1/27/25,2/2/25,13,,1.00,,13,0.47,26,4,2,2:00:00,,,,,0:00:00,6:30:00,55:47:01
1,11/25/24,12/1/24,14,,,,0,0.33,1,0,0,0:00:00,,,,,0:00:00,0:00:00,0:00:00
2,12/2/24,12/8/24,14,0.83,0.72,,10,0.37,26,29,14.5,14:30:00,,,,,19:12:16,36:57:29,36:57:29
3,12/9/24,12/15/24,14,,0.95,,3,0.4,7,3,1.5,1:30:00,,,,,2:42:40,5:59:26,42:56:55
4,12/16/24,12/22/24,14,,,,,,,,0,0:00:00,,,,,9:08:42,10:57:04,53:53:59
5,12/23/24,12/29/24,14,,,,6,0.45,10,,0,0:00:00,,,,,4:49:35,14:06:58,68:00:57
6,12/30/24,1/5/25,14,0.7,0.84,,5,0.5,11,8,4,4:00:00,,,,,13:00:53,16:42:40,84:43:37
7,1/6/25,1/12/25,14,0.75,0.93,,0,0.57,5,22,11,11:00:00,,,,,1:29:24,17:45:20,102:28:57
8,1/13/25,1/19/25,14,0.71,0.88,,2,0.59,19,29,14.5,14:30:00,,,,,0:45:00,23:32:37,126:01:34
9,1/20/25,1/26/25,14,0.83,0.88,,5,0.64,16,18,9,9:00:00,,,,,0:00:00,12:00:36,138:02:10
10,1/27/25,2/2/25,14,0.83,0.92,,0,0.64,9,19,9.5,9:30:00,,,,,0:00:00,9:30:00,147:32:10